290.0 48.0 390.0 48.0 390.0 740.0 290.0 740.0 object 0
162.0 69.0 180.0 69.0 180.0 137.0 162.0 137.0 object 0
241.0 167.0 251.0 167.0 251.0 189.0 241.0 189.0 object 0
429.0 71.0 552.0 71.0 552.0 689.0 429.0 689.0 object 0
583.0 70.0 675.0 70.0 675.0 682.0 583.0 682.0 object 0
703.0 65.0 785.0 65.0 785.0 676.0 703.0 676.0 object 0
402.0 78.0 424.0 78.0 424.0 117.0 402.0 117.0 object 0
332.0 639.0 349.0 639.0 349.0 691.0 332.0 691.0 object 0
336.0 698.0 370.0 698.0 370.0 709.0 336.0 709.0 object 0
329.0 722.0 385.0 722.0 385.0 737.0 329.0 737.0 object 0
332.0 585.0 346.0 585.0 346.0 625.0 332.0 625.0 object 0
348.0 578.0 356.0 578.0 356.0 599.0 348.0 599.0 object 0
333.0 512.0 352.0 512.0 352.0 535.0 333.0 535.0 object 0
332.0 544.0 352.0 544.0 352.0 567.0 332.0 567.0 object 0
296.0 433.0 316.0 433.0 316.0 504.0 296.0 504.0 object 0
334.0 396.0 347.0 396.0 347.0 439.0 334.0 439.0 object 0
336.0 272.0 353.0 272.0 353.0 331.0 336.0 331.0 object 0
335.0 213.0 351.0 213.0 351.0 264.0 335.0 264.0 object 0
293.0 148.0 311.0 148.0 311.0 223.0 293.0 223.0 object 0
337.0 137.0 358.0 137.0 358.0 200.0 337.0 200.0 object 0
450.0 84.0 483.0 84.0 483.0 94.0 450.0 94.0 object 0
508.0 84.0 540.0 84.0 540.0 93.0 508.0 93.0 object 0
501.0 99.0 542.0 99.0 542.0 111.0 501.0 111.0 object 0
453.0 99.0 484.0 99.0 484.0 107.0 453.0 107.0 object 0
448.0 119.0 486.0 119.0 486.0 128.0 448.0 128.0 object 0
507.0 117.0 546.0 117.0 546.0 129.0 507.0 129.0 object 0
445.0 137.0 490.0 137.0 490.0 152.0 445.0 152.0 object 0
515.0 139.0 539.0 139.0 539.0 147.0 515.0 147.0 object 0
452.0 159.0 489.0 159.0 489.0 171.0 452.0 171.0 object 0
510.0 160.0 543.0 160.0 543.0 171.0 510.0 171.0 object 0
445.0 179.0 487.0 179.0 487.0 193.0 445.0 193.0 object 0
509.0 177.0 546.0 177.0 546.0 189.0 509.0 189.0 object 0
430.0 199.0 492.0 199.0 492.0 218.0 430.0 218.0 object 0
507.0 202.0 546.0 202.0 546.0 215.0 507.0 215.0 object 0
429.0 221.0 489.0 221.0 489.0 242.0 429.0 242.0 object 0
452.0 249.0 490.0 249.0 490.0 259.0 452.0 259.0 object 0
508.0 264.0 546.0 264.0 546.0 275.0 508.0 275.0 object 0
445.0 266.0 493.0 266.0 493.0 279.0 445.0 279.0 object 0
442.0 309.0 492.0 309.0 492.0 324.0 442.0 324.0 object 0
512.0 290.0 544.0 290.0 544.0 301.0 512.0 301.0 object 0
507.0 309.0 539.0 309.0 539.0 320.0 507.0 320.0 object 0
451.0 354.0 493.0 354.0 493.0 366.0 451.0 366.0 object 0
508.0 352.0 546.0 352.0 546.0 363.0 508.0 363.0 object 0
440.0 376.0 493.0 376.0 493.0 389.0 440.0 389.0 object 0
443.0 397.0 495.0 397.0 495.0 413.0 443.0 413.0 object 0
436.0 419.0 495.0 419.0 495.0 436.0 436.0 436.0 object 0
440.0 440.0 496.0 440.0 496.0 458.0 440.0 458.0 object 0
514.0 400.0 539.0 400.0 539.0 410.0 514.0 410.0 object 0
523.0 471.0 546.0 471.0 546.0 480.0 523.0 480.0 object 0
511.0 487.0 545.0 487.0 545.0 499.0 511.0 499.0 object 0
516.0 506.0 543.0 506.0 543.0 519.0 516.0 519.0 object 0
509.0 528.0 551.0 528.0 551.0 540.0 509.0 540.0 object 0
520.0 554.0 541.0 554.0 541.0 563.0 520.0 563.0 object 0
511.0 570.0 550.0 570.0 550.0 581.0 511.0 581.0 object 0
510.0 594.0 550.0 594.0 550.0 608.0 510.0 608.0 object 0
455.0 463.0 491.0 463.0 491.0 477.0 455.0 477.0 object 0
439.0 484.0 497.0 484.0 497.0 504.0 439.0 504.0 object 0
455.0 510.0 492.0 510.0 492.0 521.0 455.0 521.0 object 0
456.0 530.0 492.0 530.0 492.0 543.0 456.0 543.0 object 0
444.0 548.0 494.0 548.0 494.0 564.0 444.0 564.0 object 0
453.0 571.0 493.0 571.0 493.0 584.0 453.0 584.0 object 0
453.0 594.0 496.0 594.0 496.0 608.0 453.0 608.0 object 0
441.0 634.0 496.0 634.0 496.0 654.0 441.0 654.0 object 0
513.0 635.0 550.0 635.0 550.0 650.0 513.0 650.0 object 0
443.0 657.0 467.0 657.0 467.0 666.0 443.0 666.0 object 0
447.0 669.0 501.0 669.0 501.0 687.0 447.0 687.0 object 0
513.0 669.0 549.0 669.0 549.0 680.0 513.0 680.0 object 0
530.0 655.0 552.0 655.0 552.0 662.0 530.0 662.0 object 0
602.0 665.0 670.0 665.0 670.0 680.0 602.0 680.0 object 0
599.0 613.0 627.0 613.0 627.0 624.0 599.0 624.0 object 0
603.0 600.0 625.0 600.0 625.0 608.0 603.0 608.0 object 0
644.0 615.0 672.0 615.0 672.0 625.0 644.0 625.0 object 0
708.0 632.0 747.0 632.0 747.0 644.0 708.0 644.0 object 0
706.0 656.0 756.0 656.0 756.0 672.0 706.0 672.0 object 0
760.0 617.0 769.0 617.0 769.0 639.0 760.0 639.0 object 0
759.0 591.0 769.0 591.0 769.0 610.0 759.0 610.0 object 0
758.0 540.0 769.0 540.0 769.0 559.0 758.0 559.0 object 0
758.0 563.0 767.0 563.0 767.0 583.0 758.0 583.0 object 0
719.0 575.0 746.0 575.0 746.0 585.0 719.0 585.0 object 0
710.0 592.0 748.0 592.0 748.0 606.0 710.0 606.0 object 0
717.0 611.0 743.0 611.0 743.0 619.0 717.0 619.0 object 0
727.0 619.0 747.0 619.0 747.0 626.0 727.0 626.0 object 0
710.0 422.0 743.0 422.0 743.0 430.0 710.0 430.0 object 0
757.0 426.0 765.0 426.0 765.0 444.0 757.0 444.0 object 0
758.0 454.0 768.0 454.0 768.0 475.0 758.0 475.0 object 0
758.0 481.0 768.0 481.0 768.0 500.0 758.0 500.0 object 0
712.0 443.0 746.0 443.0 746.0 454.0 712.0 454.0 object 0
714.0 459.0 742.0 459.0 742.0 469.0 714.0 469.0 object 0
721.0 482.0 745.0 482.0 745.0 492.0 721.0 492.0 object 0
716.0 499.0 745.0 499.0 745.0 509.0 716.0 509.0 object 0
710.0 519.0 743.0 519.0 743.0 530.0 710.0 530.0 object 0
709.0 538.0 743.0 538.0 743.0 549.0 709.0 549.0 object 0
717.0 559.0 744.0 559.0 744.0 569.0 717.0 569.0 object 0
593.0 520.0 626.0 520.0 626.0 533.0 593.0 533.0 object 0
593.0 539.0 624.0 539.0 624.0 550.0 593.0 550.0 object 0
638.0 521.0 671.0 521.0 671.0 533.0 638.0 533.0 object 0
641.0 539.0 668.0 539.0 668.0 547.0 641.0 547.0 object 0
638.0 557.0 672.0 557.0 672.0 570.0 638.0 570.0 object 0
591.0 423.0 624.0 423.0 624.0 437.0 591.0 437.0 object 0
595.0 466.0 622.0 466.0 622.0 477.0 595.0 477.0 object 0
589.0 500.0 627.0 500.0 627.0 515.0 589.0 515.0 object 0
643.0 485.0 673.0 485.0 673.0 495.0 643.0 495.0 object 0
639.0 499.0 666.0 499.0 666.0 508.0 639.0 508.0 object 0
635.0 423.0 673.0 423.0 673.0 436.0 635.0 436.0 object 0
593.0 387.0 623.0 387.0 623.0 397.0 593.0 397.0 object 0
593.0 404.0 624.0 404.0 624.0 417.0 593.0 417.0 object 0
641.0 407.0 667.0 407.0 667.0 417.0 641.0 417.0 object 0
640.0 369.0 664.0 369.0 664.0 378.0 640.0 378.0 object 0
588.0 327.0 623.0 327.0 623.0 339.0 588.0 339.0 object 0
590.0 345.0 623.0 345.0 623.0 358.0 590.0 358.0 object 0
639.0 293.0 660.0 293.0 660.0 301.0 639.0 301.0 object 0
590.0 252.0 627.0 252.0 627.0 262.0 590.0 262.0 object 0
641.0 252.0 666.0 252.0 666.0 259.0 641.0 259.0 object 0
589.0 270.0 621.0 270.0 621.0 280.0 589.0 280.0 object 0
588.0 288.0 625.0 288.0 625.0 301.0 588.0 301.0 object 0
589.0 307.0 625.0 307.0 625.0 317.0 589.0 317.0 object 0
589.0 83.0 614.0 83.0 614.0 91.0 589.0 91.0 object 0
593.0 104.0 619.0 104.0 619.0 113.0 593.0 113.0 object 0
637.0 103.0 659.0 103.0 659.0 112.0 637.0 112.0 object 0
634.0 120.0 668.0 120.0 668.0 132.0 634.0 132.0 object 0
588.0 119.0 620.0 119.0 620.0 131.0 588.0 131.0 object 0
599.0 137.0 623.0 137.0 623.0 146.0 599.0 146.0 object 0
587.0 153.0 620.0 153.0 620.0 166.0 587.0 166.0 object 0
589.0 194.0 620.0 194.0 620.0 203.0 589.0 203.0 object 0
636.0 192.0 668.0 192.0 668.0 203.0 636.0 203.0 object 0
605.0 208.0 621.0 208.0 621.0 217.0 605.0 217.0 object 0
636.0 213.0 667.0 213.0 667.0 224.0 636.0 224.0 object 0
762.0 68.0 780.0 68.0 780.0 75.0 762.0 75.0 object 0
715.0 83.0 740.0 83.0 740.0 93.0 715.0 93.0 object 0
757.0 80.0 778.0 80.0 778.0 88.0 757.0 88.0 object 0
755.0 96.0 780.0 96.0 780.0 107.0 755.0 107.0 object 0
713.0 101.0 740.0 101.0 740.0 110.0 713.0 110.0 object 0
756.0 137.0 780.0 137.0 780.0 146.0 756.0 146.0 object 0
705.0 135.0 744.0 135.0 744.0 148.0 705.0 148.0 object 0
712.0 192.0 739.0 192.0 739.0 203.0 712.0 203.0 object 0
759.0 209.0 783.0 209.0 783.0 220.0 759.0 220.0 object 0
706.0 242.0 743.0 242.0 743.0 255.0 706.0 255.0 object 0
758.0 245.0 783.0 245.0 783.0 256.0 758.0 256.0 object 0
714.0 261.0 739.0 261.0 739.0 272.0 714.0 272.0 object 0
760.0 262.0 782.0 262.0 782.0 270.0 760.0 270.0 object 0
717.0 303.0 741.0 303.0 741.0 313.0 717.0 313.0 object 0
761.0 304.0 783.0 304.0 783.0 312.0 761.0 312.0 object 0
712.0 327.0 740.0 327.0 740.0 336.0 712.0 336.0 object 0
717.0 341.0 739.0 341.0 739.0 350.0 717.0 350.0 object 0
712.0 366.0 744.0 366.0 744.0 375.0 712.0 375.0 object 0
758.0 349.0 766.0 349.0 766.0 370.0 758.0 370.0 object 0
757.0 374.0 766.0 374.0 766.0 393.0 757.0 393.0 object 0
596.0 215.0 617.0 215.0 617.0 225.0 596.0 225.0 object 0
