20.0 121.0 153.0 121.0 153.0 261.0 20.0 261.0 object 0
172.0 144.0 276.0 144.0 276.0 244.0 172.0 244.0 object 0
373.0 8.0 430.0 8.0 430.0 72.0 373.0 72.0 object 0
26.0 464.0 127.0 464.0 127.0 561.0 26.0 561.0 object 0
147.0 457.0 255.0 457.0 255.0 555.0 147.0 555.0 object 0
385.0 465.0 492.0 465.0 492.0 555.0 385.0 555.0 object 0
200.0 647.0 304.0 647.0 304.0 739.0 200.0 739.0 object 0
404.0 425.0 473.0 425.0 473.0 448.0 404.0 448.0 object 0
18.0 674.0 49.0 674.0 49.0 706.0 18.0 706.0 object 0
416.0 760.0 449.0 760.0 449.0 795.0 416.0 795.0 object 0
179.0 783.0 203.0 783.0 203.0 800.0 179.0 800.0 object 0
